"x"	"f(x)"	"analytical f'(x)"	"numerical f'(x)"	"analytical f''(x)"	"numerical f''(x)"
-5.000000	890.478955	-1038.892114	-1032.977788	1187.305273	1174.034256
-4.990000	880.149177	-1027.085600	-1021.237445	1174.022024	1160.897664
-4.980000	869.936802	-1015.411184	-1009.628468	1160.885566	1147.906259
-4.970000	859.840518	-1003.867405	-998.149406	1147.894292	1135.058451
-4.960000	849.859024	-992.452819	-986.798821	1135.046615	1122.352669
-4.950000	839.991035	-981.165999	-975.575295	1122.340963	1109.787359
-4.940000	830.235282	-970.005532	-964.477421	1109.775782	1097.360984
-4.930000	820.590508	-958.970021	-953.503811	1097.349533	1085.072022
-4.920000	811.055470	-948.058083	-942.653091	1085.060696	1072.918970
-4.910000	801.628939	-937.268354	-931.923901	1072.907768	1060.900338
-4.900000	792.309700	-926.599480	-921.314898	1060.889260	1049.014657
-4.890000	783.096551	-916.050125	-910.824751	1049.003699	1037.260469
-4.880000	773.988304	-905.618968	-900.452147	1037.249631	1025.636335
-4.870000	764.983782	-895.304699	-890.195783	1025.625616	1014.140830
-4.860000	756.081824	-885.106026	-880.054375	1014.130229	1002.772546
-4.850000	747.281281	-875.021670	-870.026650	1002.762060	991.530088
-4.840000	738.581014	-865.050366	-860.111349	991.519718	980.412079
-4.830000	729.979901	-855.190861	-850.307228	980.401822	969.417154
-4.820000	721.476828	-845.441919	-840.613056	969.407010	958.543966
-4.810000	713.070698	-835.802315	-831.027617	958.533933	947.791180
-4.800000	704.760422	-826.270839	-821.549705	947.781257	937.157477
-4.790000	696.544925	-816.846293	-812.178130	937.147662	926.641550
-4.780000	688.423143	-807.527493	-802.911715	926.631843	916.242111
-4.770000	680.394026	-798.313268	-793.749293	916.232510	905.957880
-4.760000	672.456533	-789.202459	-784.689715	905.948385	895.787596
-4.750000	664.609636	-780.193921	-775.731839	895.778205	885.730009
-4.740000	656.852318	-771.286519	-766.874539	885.720721	875.783883
-4.730000	649.183572	-762.479135	-758.116700	875.774697	865.947996
-4.720000	641.602405	-753.770658	-749.457220	865.938911	856.221139
-4.710000	634.107833	-745.159993	-740.895008	856.212153	846.602115
-4.700000	626.698883	-736.646055	-732.428987	846.593228	837.089743
-4.690000	619.374593	-728.227773	-724.058090	837.080953	827.682851
-4.680000	612.134012	-719.904085	-715.781261	827.674157	818.380283
-4.670000	604.976200	-711.673942	-707.597459	818.371684	809.180893
-4.660000	597.900225	-703.536307	-699.505650	809.172389	800.083550
-4.650000	590.905169	-695.490154	-691.504814	800.075140	791.087134
-4.640000	583.990120	-687.534468	-683.593943	791.078816	782.190536
-4.630000	577.154181	-679.668245	-675.772037	782.182309	773.392661
-4.620000	570.396461	-671.890493	-668.038111	773.384525	764.692426
-4.610000	563.716079	-664.200229	-660.391187	764.684379	756.088758
-4.600000	557.112168	-656.596483	-652.830299	756.080799	747.580596
-4.590000	550.583865	-649.078295	-645.354493	747.572725	739.166893
-4.580000	544.130320	-641.644714	-637.962824	739.159108	730.846610
-4.570000	537.750691	-634.294801	-630.654358	730.838911	722.618722
-4.560000	531.444148	-627.027628	-623.428171	722.611108	714.482214
-4.550000	525.209866	-619.842274	-616.283349	714.474683	706.436081
-4.540000	519.047033	-612.737833	-609.218988	706.428633	698.479332
-4.530000	512.954843	-605.713404	-602.234194	698.471965	690.610982
-4.520000	506.932501	-598.768099	-595.328085	690.603697	682.830063
-4.510000	500.979220	-591.901039	-588.499784	682.822857	675.135611
-4.500000	495.094222	-585.111353	-581.748428	675.128485	667.526678
-4.490000	489.276738	-578.398184	-575.073161	667.519630	660.002322
-4.480000	483.526006	-571.760679	-568.473138	659.995352	652.561615
-4.470000	477.841275	-565.197998	-561.947522	652.554721	645.203636
-4.460000	472.221800	-558.709309	-555.495485	645.196818	637.927476
-4.450000	466.666845	-552.293789	-549.116211	637.920733	630.732235
-4.440000	461.175683	-545.950624	-542.808888	630.725566	623.617023
-4.430000	455.747594	-539.679011	-536.572718	623.610428	616.580960
-4.420000	450.381867	-533.478152	-530.406908	616.574437	609.623176
-4.410000	445.077798	-527.347261	-524.310677	609.616725	602.742808
-4.400000	439.834691	-521.285559	-518.283249	602.736428	595.939006
-4.390000	434.651858	-515.292277	-512.323859	595.932696	589.210927
-4.380000	429.528620	-509.366653	-506.431749	589.204687	582.557738
-4.370000	424.464302	-503.507934	-500.606172	582.551566	575.978613
-4.360000	419.458241	-497.715375	-494.846386	575.972509	569.472739
-4.350000	414.509777	-491.988240	-489.151658	569.466703	563.039309
-4.340000	409.618260	-486.325799	-483.521265	563.033339	556.677525
-4.330000	404.783047	-480.727334	-477.954490	556.671621	550.386599
-4.320000	400.003503	-475.192131	-472.450624	550.380759	544.165750
-4.310000	395.278996	-469.719485	-467.008967	544.159974	538.014206
-4.300000	390.608907	-464.308700	-461.628824	538.008494	531.931204
-4.290000	385.992618	-458.959087	-456.309512	531.925555	525.915990
-4.280000	381.429523	-453.669963	-451.050353	525.910403	519.967816
-4.270000	376.919020	-448.440655	-445.850674	519.962291	514.085944
-4.260000	372.460513	-443.270496	-440.709815	514.080480	508.269643
-4.250000	368.053415	-438.158827	-435.627119	508.264240	502.518192
-4.240000	363.697144	-433.104995	-430.601937	502.512847	496.830874
-4.230000	359.391124	-428.108356	-425.633628	496.825589	491.206984
-4.220000	355.134788	-423.168272	-420.721558	491.201757	485.645822
-4.210000	350.927572	-418.284112	-415.865100	485.640652	480.146696
-4.200000	346.768921	-413.455252	-411.063633	480.141583	474.708923
-4.190000	342.658285	-408.681076	-406.316544	474.703867	469.331827
-4.180000	338.595120	-403.960973	-401.623225	469.326826	464.014737
-4.170000	334.578887	-399.294340	-396.983078	464.009792	458.756993
-4.160000	330.609057	-394.680579	-392.395508	458.752102	453.557939
-4.150000	326.685102	-390.119102	-387.859929	453.553102	448.416929
-4.140000	322.806502	-385.609324	-383.375759	448.412145	443.333321
-4.130000	318.972745	-381.150668	-378.942426	443.328591	438.306483
-4.120000	315.183320	-376.742563	-374.559361	438.301805	433.335789
-4.110000	311.437727	-372.384444	-370.226003	433.331162	428.420618
-4.100000	307.735467	-368.075754	-365.941797	428.416042	423.560357
-4.090000	304.076049	-363.815940	-361.706194	423.555832	418.754402
-4.080000	300.458987	-359.604457	-357.518650	418.749927	414.002151
-4.070000	296.883800	-355.440763	-353.378628	413.997726	409.303013
-4.060000	293.350014	-351.324325	-349.285598	409.298636	404.656401
-4.050000	289.857158	-347.254615	-345.239034	404.652072	400.061734
-4.040000	286.404768	-343.231111	-341.238417	400.057453	395.518440
-4.030000	282.992384	-339.253295	-337.283232	395.514206	391.025950
-4.020000	279.619551	-335.320657	-333.372973	391.021763	386.583703
-4.010000	276.285822	-331.432692	-329.507136	386.579563	382.191145
-4.000000	272.990750	-327.588900	-325.685224	382.187050	377.847726
-3.990000	269.733898	-323.788787	-321.906747	377.843677	373.552904
-3.980000	266.514830	-320.031865	-318.171218	373.548899	369.306141
-3.970000	263.333118	-316.317649	-314.478157	369.302180	365.106905
-3.960000	260.188337	-312.645663	-310.827088	365.102989	360.954673
-3.950000	257.080066	-309.015433	-307.217541	360.950800	356.848924
-3.940000	254.007890	-305.426492	-303.649052	356.845093	352.789144
-3.930000	250.971400	-301.878378	-300.121160	352.785355	348.774824
-3.920000	247.970188	-298.370633	-296.633412	348.771078	344.805463
-3.910000	245.003854	-294.902806	-293.185357	344.801758	340.880563
-3.900000	242.072001	-291.474450	-289.776552	340.876899	336.999632
-3.890000	239.174235	-288.085122	-286.406555	336.996008	333.162183
-3.880000	236.310170	-284.734385	-283.074933	333.158600	329.367736
-3.870000	233.479420	-281.421806	-279.781256	329.364192	325.615815
-3.860000	230.681608	-278.146959	-276.525098	325.612310	321.905949
-3.850000	227.916357	-274.909420	-273.306038	321.902483	318.237673
-3.840000	225.183296	-271.708771	-270.123662	318.234245	314.610526
-3.830000	222.482060	-268.544598	-266.977556	314.607136	311.024053
-3.820000	219.812284	-265.416492	-263.867316	311.020701	307.477803
-3.810000	217.173611	-262.324050	-260.792538	307.474489	303.971333
-3.800000	214.565686	-259.266870	-257.752825	303.968055	300.504200
-3.790000	211.988157	-256.244558	-254.747783	300.500958	297.075969
-3.780000	209.440679	-253.256721	-251.777023	297.072763	293.686209
-3.770000	206.922909	-250.302974	-248.840161	293.683039	290.334495
-3.760000	204.434508	-247.382934	-245.936816	290.331360	287.020404
-3.750000	201.975140	-244.496222	-243.066612	287.017304	283.743520
-3.740000	199.544473	-241.642464	-240.229177	283.740454	280.503430
-3.730000	197.142182	-238.821290	-237.424142	280.500398	277.299727
-3.720000	194.767940	-236.032334	-234.651145	277.296728	274.132007
-3.710000	192.421429	-233.275235	-231.909825	274.129042	270.999872
-3.700000	190.102330	-230.549635	-229.199826	270.996939	267.902926
-3.690000	187.810332	-227.855179	-226.520797	267.900026	264.840780
-3.680000	185.545124	-225.191518	-223.872389	264.837912	261.813048
-3.670000	183.306400	-222.558306	-221.254259	261.810212	258.819348
-3.660000	181.093858	-219.955201	-218.666065	258.816544	255.859303
-3.650000	178.907197	-217.381863	-216.107472	255.856529	252.932538
-3.640000	176.746122	-214.837959	-213.578147	252.929796	250.038686
-3.630000	174.610341	-212.323158	-211.077760	250.035974	247.177381
-3.620000	172.499563	-209.837131	-208.605986	247.174699	244.348261
-3.610000	170.413503	-207.379556	-206.162504	244.345609	241.550970
-3.600000	168.351878	-204.950113	-203.746994	241.548347	238.785154
-3.590000	166.314409	-202.548484	-201.359142	238.782560	236.050464
-3.580000	164.300817	-200.174358	-198.998638	236.047899	233.346553
-3.570000	162.310831	-197.827424	-196.665172	233.344017	230.673082
-3.560000	160.344179	-195.507376	-194.358441	230.670573	228.029710
-3.550000	158.400595	-193.213912	-192.078144	228.027230	225.416104
-3.540000	156.479813	-190.946732	-189.823983	225.413652	222.831934
-3.530000	154.581573	-188.705541	-187.595664	222.829509	220.276872
-3.520000	152.705617	-186.490045	-185.392895	220.274474	217.750595
-3.510000	150.851688	-184.299955	-183.215389	217.748223	215.252783
-3.500000	149.019534	-182.134986	-181.062861	215.250438	212.783120
-3.490000	147.208905	-179.994853	-178.935030	212.780801	210.341293
-3.480000	145.419555	-177.879277	-176.831617	210.338999	207.926992
-3.470000	143.651239	-175.787981	-174.752347	207.924724	205.539911
-3.460000	141.903715	-173.720692	-172.696948	205.537668	203.179749
-3.450000	140.176746	-171.677138	-170.665151	203.177530	200.846204
-3.440000	138.470094	-169.657052	-168.656689	200.844011	198.538982
-3.430000	136.783527	-167.660170	-166.671299	198.536813	196.257789
-3.420000	135.116814	-165.686229	-164.708721	196.255644	194.002337
-3.410000	133.469727	-163.734971	-162.768698	194.000216	191.772338
-3.400000	131.842040	-161.806140	-160.850974	191.770240	189.567509
-3.390000	130.233530	-159.899483	-158.955299	189.565435	187.387571
-3.380000	128.643977	-158.014749	-157.081423	187.385520	185.232246
-3.370000	127.073163	-156.151690	-155.229101	185.230217	183.101260
-3.360000	125.520872	-154.310063	-153.398088	183.099254	180.994342
-3.350000	123.986891	-152.489625	-151.588145	180.992359	178.911225
-3.340000	122.471010	-150.690137	-149.799033	178.909263	176.851642
-3.330000	120.973020	-148.911361	-148.030516	176.849703	174.815333
-3.320000	119.492714	-147.153065	-146.282363	174.813416	172.802038
-3.310000	118.029891	-145.415016	-144.554343	172.800142	170.811500
-3.300000	116.584347	-143.696986	-142.846228	170.809625	168.843467
-3.290000	115.155885	-141.998749	-141.157793	168.841612	166.897686
-3.280000	113.744307	-140.320080	-139.488816	166.895853	164.973911
-3.270000	112.349419	-138.660758	-137.839077	164.972098	163.071896
-3.260000	110.971028	-137.020565	-136.208358	163.070103	161.191398
-3.250000	109.608945	-135.399285	-134.596444	161.189624	159.332177
-3.240000	108.262980	-133.796702	-133.003122	159.330424	157.493997
-3.230000	106.932949	-132.212606	-131.428182	157.492263	155.676622
-3.220000	105.618667	-130.646787	-129.871416	155.674908	153.879821
-3.210000	104.319953	-129.099039	-128.332618	153.878125	152.103364
-3.200000	103.036627	-127.569157	-126.811584	152.101687	150.347024
-3.190000	101.768511	-126.056938	-125.308114	150.345366	148.610576
-3.180000	100.515430	-124.562183	-123.822008	148.608937	146.893799
-3.170000	99.277210	-123.084694	-122.353070	146.892178	145.196474
-3.160000	98.053679	-121.624275	-120.901105	145.194871	143.518382
-3.150000	96.844668	-120.180733	-119.465922	143.516797	141.859310
-3.140000	95.650009	-118.753876	-118.047328	141.857743	140.219044
-3.130000	94.469536	-117.343515	-116.645138	140.217495	138.597376
-3.120000	93.303084	-115.949464	-115.259164	138.595843	136.994097
-3.110000	92.150492	-114.571537	-113.889223	136.992581	135.409001
-3.100000	91.011600	-113.209552	-112.535133	135.407503	133.841886
-3.090000	89.886249	-111.863327	-111.196714	133.840405	132.292552
-3.080000	88.774282	-110.532684	-109.873789	132.291087	130.760798
-3.070000	87.675544	-109.217447	-108.566181	130.759349	129.246429
-3.060000	86.589882	-107.917439	-107.273717	129.244996	127.749250
-3.050000	85.517145	-106.632489	-105.996224	127.747834	126.269070
-3.040000	84.457183	-105.362426	-104.733533	126.267669	124.805698
-3.030000	83.409847	-104.107080	-103.485476	124.804313	123.358945
-3.020000	82.374993	-102.866284	-102.251887	123.357576	121.928628
-3.010000	81.352474	-101.639874	-101.032601	121.927274	120.514561
-3.000000	80.342148	-100.427685	-99.827455	120.513222	119.116562
-2.990000	79.343873	-99.229556	-98.636290	119.115238	117.734453
-2.980000	78.357510	-98.045327	-97.458945	117.733144	116.368055
-2.970000	77.382921	-96.874840	-96.295264	116.366760	115.017192
-2.960000	76.419968	-95.717940	-95.145093	115.015912	113.681690
-2.950000	75.468517	-94.574471	-94.008276	113.680425	112.361379
-2.940000	74.528434	-93.444281	-92.884662	112.360127	111.056086
-2.930000	73.599588	-92.327218	-91.774101	111.054849	109.765645
-2.920000	72.681847	-91.223134	-90.676445	109.764422	108.489890
-2.910000	71.775082	-90.131881	-89.591546	108.488680	107.228654
-2.900000	70.879167	-89.053312	-88.519259	107.227458	105.981777
-2.890000	69.993974	-87.987284	-87.459441	105.980594	104.749096
-2.880000	69.119380	-86.933653	-86.411950	104.747926	103.530454
-2.870000	68.255260	-85.892279	-85.376646	103.529297	102.325692
-2.860000	67.401494	-84.863021	-84.353389	102.324548	101.134655
-2.850000	66.557960	-83.845742	-83.342042	101.133524	99.957189
-2.840000	65.724540	-82.840305	-82.342470	99.956071	98.793142
-2.830000	64.901115	-81.846576	-81.354539	98.792037	97.642364
-2.820000	64.087570	-80.864420	-80.378115	97.641271	96.504706
-2.810000	63.283788	-79.893707	-79.413068	96.503625	95.380020
-2.800000	62.489658	-78.934305	-78.459268	95.378951	94.268162
-2.790000	61.705065	-77.986085	-77.516587	94.267105	93.168986
-2.780000	60.929899	-77.048920	-76.584897	93.167941	92.082352
-2.770000	60.164050	-76.122684	-75.664073	92.081318	91.008117
-2.760000	59.407409	-75.207252	-74.753992	91.007095	89.946144
-2.750000	58.659870	-74.302501	-73.854531	89.945133	88.896293
-2.740000	57.921324	-73.408309	-72.965568	88.895294	87.858430
-2.730000	57.191669	-72.524556	-72.086983	87.857443	86.832420
-2.720000	56.470799	-71.651121	-71.218659	86.831443	85.818129
-2.710000	55.758612	-70.787888	-70.360478	85.817163	84.815426
-2.700000	55.055007	-69.934739	-69.512324	84.814471	83.824180
-2.690000	54.359884	-69.091560	-68.674082	83.823236	82.844263
-2.680000	53.673143	-68.258237	-67.845639	82.843330	81.875548
-2.670000	52.994687	-67.434656	-67.026884	81.874625	80.917909
-2.660000	52.324418	-66.620707	-66.217705	80.916996	79.971221
-2.650000	51.662241	-65.816280	-65.417992	79.970318	79.035361
-2.640000	51.008061	-65.021265	-64.627639	79.034468	78.110207
-2.630000	50.361785	-64.235555	-63.846537	78.109325	77.195639
-2.620000	49.723319	-63.459043	-63.074580	77.194767	76.291538
-2.610000	49.092574	-62.691624	-62.311665	76.290675	75.397786
-2.600000	48.469457	-61.933195	-61.557687	75.396933	74.514266
-2.590000	47.853880	-61.183652	-60.812544	74.513423	73.640865
-2.580000	47.245755	-60.442893	-60.076136	73.640031	72.777466
-2.570000	46.644993	-59.710818	-59.348361	72.776642	71.923959
-2.560000	46.051510	-58.987327	-58.629121	71.923144	71.080232
-2.550000	45.465218	-58.272322	-57.918319	71.079426	70.246174
-2.540000	44.886035	-57.565706	-57.215857	70.245377	69.421677
-2.530000	44.313877	-56.867383	-56.521641	69.420889	68.606632
-2.520000	43.748660	-56.177257	-55.835574	68.605854	67.800935
-2.510000	43.190305	-55.495235	-55.157565	67.800165	67.004478
-2.500000	42.638729	-54.821223	-54.487520	67.003717	66.217159
-2.490000	42.093854	-54.155130	-53.825349	66.216406	65.438873
-2.480000	41.555600	-53.496865	-53.170960	65.438129	64.669520
-2.470000	41.023891	-52.846337	-52.524265	64.668784	63.908999
-2.460000	40.498648	-52.203459	-51.885175	63.908271	63.157209
-2.450000	39.979796	-51.568143	-51.253603	63.156490	62.414053
-2.440000	39.467260	-50.940301	-50.629462	62.413342	61.679433
-2.430000	38.960966	-50.319848	-50.012668	61.678730	60.953253
-2.420000	38.460839	-49.706698	-49.403135	60.952557	60.235417
-2.410000	37.966808	-49.100769	-48.800781	60.234730	59.525832
-2.400000	37.478800	-48.501976	-48.205523	59.525152	58.824404
-2.390000	36.996744	-47.910238	-47.617279	58.823732	58.131042
-2.380000	36.520572	-47.325475	-47.035968	58.130377	57.445654
-2.370000	36.050212	-46.747604	-46.461512	57.444997	56.768149
-2.360000	35.585597	-46.176548	-45.893830	56.767500	56.098440
-2.350000	35.126659	-45.612228	-45.332846	56.097798	55.436438
-2.340000	34.673330	-45.054567	-44.778481	55.435803	54.782056
-2.330000	34.225545	-44.503487	-44.230661	54.781428	54.135208
-2.320000	33.783239	-43.958913	-43.689309	54.134587	53.495809
-2.310000	33.346346	-43.420770	-43.154351	53.495195	52.863774
-2.300000	32.914802	-42.888985	-42.625713	52.863167	52.239020
-2.290000	32.488545	-42.363483	-42.103323	52.238420	51.621466
-2.280000	32.067512	-41.844192	-41.587108	51.620873	51.011029
-2.270000	31.651641	-41.331041	-41.076998	51.010442	50.407629
-2.260000	31.240871	-40.823960	-40.572922	50.407049	49.811186
-2.250000	30.835141	-40.322877	-40.074810	49.810613	49.221623
-2.240000	30.434393	-39.827725	-39.582593	49.221056	48.638860
-2.230000	30.038567	-39.338434	-39.096205	48.638300	48.062821
-2.220000	29.647605	-38.854936	-38.615577	48.062267	47.493430
-2.210000	29.261450	-38.377166	-38.140642	47.492882	46.930612
-2.200000	28.880043	-37.905057	-37.671336	46.930070	46.374291
-2.190000	28.503330	-37.438543	-37.207593	46.373756	45.824396
-2.180000	28.131254	-36.977560	-36.749349	45.823866	45.280852
-2.170000	27.763760	-36.522044	-36.296541	45.280328	44.743588
-2.160000	27.400795	-36.071933	-35.849105	44.743070	44.212532
-2.150000	27.042304	-35.627162	-35.406980	44.212021	43.687615
-2.140000	26.688234	-35.187672	-34.970103	43.687109	43.168767
-2.130000	26.338533	-34.753400	-34.538416	43.168267	42.655918
-2.120000	25.993149	-34.324286	-34.111857	42.655424	42.149002
-2.110000	25.652030	-33.900272	-33.690367	42.148513	41.647950
-2.100000	25.315127	-33.481297	-33.273887	41.647467	41.152696
-2.090000	24.982388	-33.067303	-32.862360	41.152218	40.663174
-2.080000	24.653764	-32.658233	-32.455728	40.662702	40.179320
-2.070000	24.329207	-32.254030	-32.053935	40.178853	39.701069
-2.060000	24.008668	-31.854637	-31.656925	39.700607	39.228357
-2.050000	23.692098	-31.459999	-31.264641	39.227901	38.761122
-2.040000	23.379452	-31.070061	-30.877030	38.760670	38.299300
-2.030000	23.070682	-30.684768	-30.494037	38.298854	37.842832
-2.020000	22.765741	-30.304066	-30.115608	37.842391	37.391656
-2.010000	22.464585	-29.927903	-29.741692	37.391220	36.945712
-2.000000	22.167168	-29.556224	-29.372235	36.945280	36.504940
-1.990000	21.873446	-29.188980	-29.007185	36.504513	36.069281
-1.980000	21.583374	-28.826117	-28.646493	36.068860	35.638679
-1.970000	21.296909	-28.467586	-28.290106	35.638262	35.213074
-1.960000	21.014008	-28.113335	-27.937975	35.212662	34.792411
-1.950000	20.734628	-27.763316	-27.590051	34.792004	34.376632
-1.940000	20.458728	-27.417479	-27.246285	34.376230	33.965683
-1.930000	20.186265	-27.075775	-26.906628	33.965285	33.559509
-1.920000	19.917199	-26.738157	-26.571033	33.559116	33.158055
-1.910000	19.651488	-26.404577	-26.239452	33.157666	32.761267
-1.900000	19.389094	-26.074988	-25.911839	32.760883	32.369093
-1.890000	19.129975	-25.749344	-25.588149	32.368713	31.981479
-1.880000	18.874094	-25.427599	-25.268334	31.981104	31.598375
-1.870000	18.621411	-25.109707	-24.952350	31.598003	31.219728
-1.860000	18.371887	-24.795624	-24.640153	31.219361	30.845488
-1.850000	18.125486	-24.485305	-24.331698	30.845125	30.475604
-1.840000	17.882169	-24.178707	-24.026942	30.475245	30.110027
-1.830000	17.641899	-23.875786	-23.725841	30.109673	29.748708
-1.820000	17.404641	-23.576499	-23.428354	29.748358	29.391599
-1.810000	17.170357	-23.280805	-23.134438	29.391252	29.038651
-1.800000	16.939013	-22.988660	-22.844052	29.038308	28.689816
-1.790000	16.710572	-22.700025	-22.557154	28.689477	28.345049
-1.780000	16.485001	-22.414857	-22.273703	28.344714	28.004302
-1.770000	16.262264	-22.133117	-21.993660	28.003971	27.667529
-1.760000	16.042327	-21.854765	-21.716985	27.667202	27.334686
-1.750000	15.825157	-21.579760	-21.443638	27.334363	27.005728
-1.740000	15.610721	-21.308064	-21.173581	27.005408	26.680609
-1.730000	15.398985	-21.039639	-20.906775	26.680293	26.359287
-1.720000	15.189917	-20.774446	-20.643182	26.358974	26.041718
-1.710000	14.983486	-20.512447	-20.382765	26.041409	25.727858
-1.700000	14.779658	-20.253605	-20.125486	25.727553	25.417667
-1.690000	14.578403	-19.997884	-19.871309	25.417365	25.111101
-1.680000	14.379690	-19.745246	-19.620198	25.110802	24.808119
-1.670000	14.183488	-19.495656	-19.372117	24.807824	24.508680
-1.660000	13.989767	-19.249078	-19.127030	24.508389	24.212745
-1.650000	13.798497	-19.005476	-18.884903	24.212456	23.920272
-1.640000	13.609648	-18.764817	-18.645700	23.919987	23.631222
-1.630000	13.423191	-18.527065	-18.409388	23.630940	23.345556
-1.620000	13.239097	-18.292187	-18.175932	23.345277	23.063235
-1.610000	13.057337	-18.060149	-17.945300	23.062960	22.784222
-1.600000	12.877884	-17.830917	-17.717458	22.783949	22.508477
-1.590000	12.700710	-17.604459	-17.492373	22.508208	22.235964
-1.580000	12.525786	-17.380742	-17.270013	22.235698	21.966645
-1.570000	12.353086	-17.159734	-17.050347	21.966382	21.700485
-1.560000	12.182582	-16.941404	-16.833342	21.700225	21.437446
-1.550000	12.014249	-16.725719	-16.618968	21.437189	21.177494
-1.540000	11.848059	-16.512650	-16.407193	21.177240	20.920592
-1.530000	11.683987	-16.302164	-16.197987	20.920341	20.666706
-1.520000	11.522007	-16.094233	-15.991320	20.666458	20.415801
-1.510000	11.362094	-15.888825	-15.787162	20.415556	20.167844
-1.500000	11.204223	-15.685912	-15.585483	20.167601	19.922799
-1.490000	11.048368	-15.485463	-15.386255	19.922559	19.680634
-1.480000	10.894505	-15.287451	-15.189449	19.680397	19.441316
-1.470000	10.742611	-15.091846	-14.995036	19.441081	19.204811
-1.460000	10.592660	-14.898620	-14.802988	19.204579	18.971089
-1.450000	10.444631	-14.707745	-14.613277	18.970860	18.740116
-1.440000	10.298498	-14.519194	-14.425876	18.739889	18.511861
-1.430000	10.154239	-14.332938	-14.240757	18.511637	18.286294
-1.420000	10.011831	-14.148952	-14.057894	18.286072	18.063382
-1.410000	9.871253	-13.967208	-13.877260	18.063163	17.843096
-1.400000	9.732480	-13.787680	-13.698829	17.842880	17.625406
-1.390000	9.595492	-13.610342	-13.522575	17.625192	17.410280
-1.380000	9.460266	-13.435168	-13.348473	17.410069	17.197691
-1.370000	9.326781	-13.262132	-13.176496	17.197483	16.987609
-1.360000	9.195016	-13.091209	-13.006620	16.987403	16.780005
-1.350000	9.064950	-12.922376	-12.838819	16.779801	16.574851
-1.340000	8.936562	-12.755605	-12.673071	16.574649	16.372117
-1.330000	8.809831	-12.590874	-12.509350	16.371918	16.171778
-1.320000	8.684738	-12.428159	-12.347632	16.171580	15.973804
-1.310000	8.561261	-12.267435	-12.187894	15.973609	15.778168
-1.300000	8.439382	-12.108679	-12.030112	15.777976	15.584845
-1.290000	8.319081	-11.951868	-11.874264	15.584654	15.393806
-1.280000	8.200339	-11.796978	-11.720326	15.393618	15.205026
-1.270000	8.083135	-11.643988	-11.568276	15.204840	15.018479
-1.260000	7.967453	-11.492874	-11.418091	15.018296	14.834139
-1.250000	7.853272	-11.343615	-11.269749	14.833958	14.651981
-1.240000	7.740574	-11.196188	-11.123230	14.651801	14.471979
-1.230000	7.629342	-11.050571	-10.978510	14.471801	14.294108
-1.220000	7.519557	-10.906745	-10.835569	14.293932	14.118344
-1.210000	7.411201	-10.764686	-10.694385	14.118170	13.944663
-1.200000	7.304257	-10.624374	-10.554939	13.944491	13.773040
-1.190000	7.198708	-10.485789	-10.417208	13.772870	13.603452
-1.180000	7.094536	-10.348910	-10.281174	13.603284	13.435875
-1.170000	6.991724	-10.213717	-10.146815	13.435709	13.270286
-1.160000	6.890256	-10.080189	-10.014112	13.270122	13.106662
-1.150000	6.790115	-9.948308	-9.883045	13.106501	12.944981
-1.140000	6.691284	-9.818053	-9.753596	12.944821	12.785219
-1.130000	6.593748	-9.689405	-9.625743	12.785061	12.627356
-1.120000	6.497491	-9.562345	-9.499470	12.627199	12.471368
-1.110000	6.402496	-9.436855	-9.374756	12.471213	12.317233
-1.100000	6.308749	-9.312915	-9.251584	12.317081	12.164932
-1.090000	6.216233	-9.190507	-9.129935	12.164781	12.014442
-1.080000	6.124933	-9.069613	-9.009790	12.014293	11.865742
-1.070000	6.034836	-8.950215	-8.891133	11.865595	11.718812
-1.060000	5.945924	-8.832295	-8.773945	11.718666	11.573631
-1.050000	5.858185	-8.715836	-8.658208	11.573487	11.430179
-1.040000	5.771603	-8.600820	-8.543906	11.430037	11.288436
-1.030000	5.686164	-8.487229	-8.431022	11.288295	11.148382
-1.020000	5.601853	-8.375048	-8.319538	11.148243	11.009998
-1.010000	5.518658	-8.264259	-8.209438	11.009860	10.873263
-1.000000	5.436564	-8.154845	-8.100706	10.873127	10.738160
-0.990000	5.355557	-8.046791	-7.993324	10.738026	10.604669
-0.980000	5.275623	-7.940080	-7.887277	10.604536	10.472771
-0.970000	5.196751	-7.834695	-7.782550	10.472640	10.342448
-0.960000	5.118925	-7.730622	-7.679125	10.342318	10.213681
-0.950000	5.042134	-7.627843	-7.576988	10.213553	10.086454
-0.940000	4.966364	-7.526345	-7.476124	10.086327	9.960746
-0.930000	4.891603	-7.426112	-7.376516	9.960621	9.836542
-0.920000	4.817838	-7.327128	-7.278151	9.836418	9.713823
-0.910000	4.745056	-7.229379	-7.181013	9.713701	9.592573
-0.900000	4.673246	-7.132849	-7.085087	9.592452	9.472774
-0.890000	4.602395	-7.037525	-6.990359	9.472654	9.354409
-0.880000	4.532491	-6.943391	-6.896815	9.354291	9.237462
-0.870000	4.463523	-6.850434	-6.804441	9.237345	9.121916
-0.860000	4.395479	-6.758640	-6.713221	9.121800	9.007754
-0.850000	4.328347	-6.667994	-6.623144	9.007640	8.894962
-0.840000	4.262115	-6.578482	-6.534194	8.894849	8.783522
-0.830000	4.196773	-6.490092	-6.446359	8.783411	8.673419
-0.820000	4.132310	-6.402810	-6.359625	8.673309	8.564638
-0.810000	4.068713	-6.316621	-6.273978	8.564529	8.457163
-0.800000	4.005974	-6.231515	-6.189407	8.457056	8.350979
-0.790000	3.944080	-6.147476	-6.105897	8.350872	8.246070
-0.780000	3.883021	-6.064493	-6.023436	8.245965	8.142423
-0.770000	3.822786	-5.982553	-5.942012	8.142319	8.040021
-0.760000	3.763366	-5.901642	-5.861612	8.039919	7.938852
-0.750000	3.704750	-5.821750	-5.782223	7.938750	7.838899
-0.740000	3.646928	-5.742863	-5.703834	7.838799	7.740150
-0.730000	3.589889	-5.664970	-5.626433	7.740051	7.642589
-0.720000	3.533625	-5.588058	-5.550007	7.642492	7.546204
-0.710000	3.478125	-5.512116	-5.474545	7.546108	7.450981
-0.700000	3.423380	-5.437132	-5.400035	7.450885	7.356905
-0.690000	3.369379	-5.363095	-5.326466	7.356810	7.263963
-0.680000	3.316115	-5.289992	-5.253826	7.263870	7.172143
-0.670000	3.263576	-5.217814	-5.182105	7.172051	7.081431
-0.660000	3.211755	-5.146548	-5.111291	7.081340	6.991814
-0.650000	3.160642	-5.076183	-5.041373	6.991724	6.903280
-0.640000	3.110229	-5.006710	-4.972340	6.903190	6.815814
-0.630000	3.060505	-4.938116	-4.904182	6.815726	6.729407
-0.620000	3.011463	-4.870391	-4.836888	6.729320	6.644043
-0.610000	2.963095	-4.803526	-4.770447	6.643957	6.559713
-0.600000	2.915390	-4.737509	-4.704850	6.559628	6.476402
-0.590000	2.868342	-4.672330	-4.640086	6.476318	6.394101
-0.580000	2.821941	-4.607979	-4.576145	6.394018	6.312795
-0.570000	2.776179	-4.544446	-4.513017	6.312713	6.232475
-0.560000	2.731049	-4.481722	-4.450692	6.232394	6.153128
-0.550000	2.686542	-4.419795	-4.389161	6.153048	6.074744
-0.540000	2.642651	-4.358657	-4.328414	6.074664	5.997309
-0.530000	2.599366	-4.298299	-4.268440	5.997231	5.920815
-0.520000	2.556682	-4.238710	-4.209232	5.920737	5.845249
-0.510000	2.514590	-4.179881	-4.150780	5.845172	5.770600
-0.500000	2.473082	-4.121803	-4.093074	5.770524	5.696858
-0.490000	2.432151	-4.064467	-4.036105	5.696784	5.624013
-0.480000	2.391790	-4.007865	-3.979865	5.623939	5.552053
-0.470000	2.351991	-3.951986	-3.924345	5.551980	5.480968
-0.460000	2.312748	-3.896822	-3.869535	5.480896	5.410748
-0.450000	2.274053	-3.842365	-3.815427	5.410677	5.341383
-0.440000	2.235898	-3.788606	-3.762014	5.341313	5.272863
-0.430000	2.198278	-3.735536	-3.709285	5.272793	5.205177
-0.420000	2.161185	-3.683147	-3.657233	5.205109	5.138317
-0.410000	2.124613	-3.631431	-3.605850	5.138249	5.072271
-0.400000	2.088555	-3.580379	-3.555127	5.072204	5.007031
-0.390000	2.053003	-3.529984	-3.505057	5.006965	4.942587
-0.380000	2.017953	-3.480237	-3.455631	4.942522	4.878930
-0.370000	1.983396	-3.431131	-3.406842	4.878866	4.816051
-0.360000	1.949328	-3.382657	-3.358681	4.815987	4.753940
-0.350000	1.915741	-3.334809	-3.311142	4.753876	4.692587
-0.340000	1.882630	-3.287577	-3.264216	4.692525	4.631986
-0.330000	1.849988	-3.240956	-3.217896	4.631924	4.572125
-0.320000	1.817809	-3.194936	-3.172175	4.572064	4.512997
-0.310000	1.786087	-3.149512	-3.127045	4.512937	4.454594
-0.300000	1.754816	-3.104675	-3.082499	4.454534	4.396905
-0.290000	1.723991	-3.060419	-3.038530	4.396846	4.339924
-0.280000	1.693606	-3.016736	-2.995131	4.339866	4.283641
-0.270000	1.663655	-2.973619	-2.952294	4.283584	4.228049
-0.260000	1.634132	-2.931062	-2.910014	4.227992	4.173139
-0.250000	1.605032	-2.889057	-2.868282	4.173083	4.118903
-0.240000	1.576349	-2.847598	-2.827093	4.118847	4.065333
-0.230000	1.548078	-2.806678	-2.786440	4.065278	4.012421
-0.220000	1.520214	-2.766290	-2.746316	4.012367	3.960160
-0.210000	1.492750	-2.726429	-2.706714	3.960107	3.908542
-0.200000	1.465683	-2.687086	-2.667629	3.908489	3.857559
-0.190000	1.439007	-2.648257	-2.629053	3.857506	3.807203
-0.180000	1.412716	-2.609934	-2.590981	3.807151	3.757467
-0.170000	1.386807	-2.572112	-2.553407	3.757416	3.708345
-0.160000	1.361273	-2.534783	-2.516323	3.708294	3.659828
-0.150000	1.336109	-2.497944	-2.479725	3.659778	3.611909
-0.140000	1.311312	-2.461586	-2.443606	3.611860	3.564582
-0.130000	1.286876	-2.425704	-2.407960	3.564533	3.517838
-0.120000	1.262796	-2.390293	-2.372782	3.517790	3.471672
-0.110000	1.239069	-2.355347	-2.338065	3.471625	3.426077
-0.100000	1.215688	-2.320859	-2.303804	3.426030	3.381045
-0.090000	1.192650	-2.286824	-2.269994	3.380999	3.336570
-0.080000	1.169950	-2.253237	-2.236628	3.336524	3.292645
-0.070000	1.147584	-2.220092	-2.203701	3.292600	3.249265
-0.060000	1.125547	-2.187383	-2.171209	3.249220	3.206421
-0.050000	1.103835	-2.155106	-2.139145	3.206377	3.164108
-0.040000	1.082443	-2.123254	-2.107504	3.164065	3.122320
-0.030000	1.061368	-2.091823	-2.076280	3.122277	3.081051
-0.020000	1.040605	-2.060807	-2.045470	3.081008	3.040293
-0.010000	1.020151	-2.030201	-2.015067	3.040251	3.000042
0.000000	1.000000	-2.000000	-1.985066	3.000000	2.960290
0.010000	0.980149	-1.970199	-1.955464	2.960249	2.921033
0.020000	0.960595	-1.940793	-1.926253	2.920992	2.882263
0.030000	0.941332	-1.911778	-1.897431	2.882223	2.843976
0.040000	0.922358	-1.883147	-1.868991	2.843937	2.806166
0.050000	0.903668	-1.854897	-1.840929	2.806127	2.768826
0.060000	0.885259	-1.827023	-1.813241	2.768788	2.731952
0.070000	0.867126	-1.799520	-1.785921	2.731914	2.695538
0.080000	0.849267	-1.772383	-1.758966	2.695500	2.659577
0.090000	0.831677	-1.745609	-1.732370	2.659540	2.624065
0.100000	0.814354	-1.719191	-1.706130	2.624029	2.588997
0.110000	0.797292	-1.693127	-1.680240	2.588961	2.554367
0.120000	0.780490	-1.667410	-1.654696	2.554331	2.520170
0.130000	0.763943	-1.642038	-1.629494	2.520134	2.486400
0.140000	0.747648	-1.617006	-1.604630	2.486365	2.453053
0.150000	0.731602	-1.592310	-1.580100	2.453018	2.420123
0.160000	0.715801	-1.567945	-1.555898	2.420088	2.387605
0.170000	0.700242	-1.543907	-1.532022	2.387571	2.355496
0.180000	0.684922	-1.520192	-1.508467	2.355462	2.323788
0.190000	0.669837	-1.496796	-1.485230	2.323755	2.292479
0.200000	0.654985	-1.473715	-1.462305	2.292446	2.261562
0.210000	0.640362	-1.450946	-1.439689	2.261530	2.231034
0.220000	0.625965	-1.428483	-1.417379	2.231002	2.200890
0.230000	0.611791	-1.406324	-1.395370	2.200858	2.171124
0.240000	0.597837	-1.384465	-1.373659	2.171093	2.141733
0.250000	0.584101	-1.362901	-1.352241	2.141702	2.112712
0.260000	0.570578	-1.341630	-1.331114	2.112681	2.084056
0.270000	0.557267	-1.320647	-1.310274	2.084026	2.055762
0.280000	0.544164	-1.299948	-1.289716	2.055732	2.027824
0.290000	0.531267	-1.279531	-1.269438	2.027794	2.000238
0.300000	0.518573	-1.259391	-1.249435	2.000209	1.973001
0.310000	0.506078	-1.239525	-1.229705	1.972972	1.946108
0.320000	0.493781	-1.219930	-1.210244	1.946079	1.919554
0.330000	0.481679	-1.200603	-1.191049	1.919526	1.893337
0.340000	0.469768	-1.181539	-1.172115	1.893309	1.867451
0.350000	0.458047	-1.162735	-1.153441	1.867423	1.841892
0.360000	0.446513	-1.144189	-1.135022	1.841866	1.816658
0.370000	0.435163	-1.125897	-1.116855	1.816631	1.791743
0.380000	0.423994	-1.107855	-1.098938	1.791717	1.767144
0.390000	0.413005	-1.090062	-1.081267	1.767118	1.742858
0.400000	0.402192	-1.072512	-1.063838	1.742832	1.718880
0.410000	0.391554	-1.055204	-1.046649	1.718854	1.695206
0.420000	0.381087	-1.038134	-1.029697	1.695181	1.671833
0.430000	0.370790	-1.021299	-1.012979	1.671808	1.648758
0.440000	0.360660	-1.004697	-0.996491	1.648733	1.625976
0.450000	0.350695	-0.988324	-0.980231	1.625952	1.603484
0.460000	0.340893	-0.972177	-0.964197	1.603460	1.581279
0.470000	0.331251	-0.956253	-0.948384	1.581256	1.559357
0.480000	0.321767	-0.940551	-0.932790	1.559334	1.537715
0.490000	0.312439	-0.925066	-0.917413	1.537692	1.516349
0.500000	0.303265	-0.909796	-0.902250	1.516327	1.495256
0.510000	0.294243	-0.894738	-0.887297	1.495234	1.474433
0.520000	0.285370	-0.879890	-0.872553	1.474411	1.453876
0.530000	0.276644	-0.865249	-0.858014	1.453854	1.433582
0.540000	0.268064	-0.850812	-0.843678	1.433561	1.413548
0.550000	0.259627	-0.836577	-0.829543	1.413527	1.393771
0.560000	0.251332	-0.822541	-0.815605	1.393750	1.374248
0.570000	0.243176	-0.808701	-0.801862	1.374227	1.354975
0.580000	0.235157	-0.795056	-0.788313	1.354954	1.335949
0.590000	0.227274	-0.781601	-0.774953	1.335929	1.317168
0.600000	0.219525	-0.768336	-0.761782	1.317148	1.298628
0.610000	0.211907	-0.755258	-0.748795	1.298609	1.280327
0.620000	0.204419	-0.742363	-0.735992	1.280308	1.262262
0.630000	0.197059	-0.729651	-0.723369	1.262243	1.244429
0.640000	0.189825	-0.717118	-0.710925	1.244410	1.226826
0.650000	0.182716	-0.704762	-0.698657	1.226808	1.209451
0.660000	0.175729	-0.692581	-0.686562	1.209432	1.192299
0.670000	0.168864	-0.680572	-0.674639	1.192281	1.175370
0.680000	0.162117	-0.668734	-0.662886	1.175351	1.158659
0.690000	0.155489	-0.657065	-0.651299	1.158641	1.142164
0.700000	0.148976	-0.645561	-0.639877	1.142146	1.125883
0.710000	0.142577	-0.634221	-0.628619	1.125865	1.109813
0.720000	0.136291	-0.623043	-0.617520	1.109795	1.093951
0.730000	0.130115	-0.612024	-0.606581	1.093933	1.078294
0.740000	0.124050	-0.601164	-0.595798	1.078277	1.062841
0.750000	0.118092	-0.590458	-0.585170	1.062825	1.047589
0.760000	0.112240	-0.579906	-0.574694	1.047573	1.032535
0.770000	0.106493	-0.569506	-0.564368	1.032519	1.017677
0.780000	0.100849	-0.559255	-0.554192	1.017661	1.003013
0.790000	0.095307	-0.549152	-0.544161	1.002997	0.988539
0.800000	0.089866	-0.539195	-0.534276	0.988524	0.974255
0.810000	0.084523	-0.529381	-0.524533	0.974239	0.960156
0.820000	0.079278	-0.519709	-0.514932	0.960141	0.946242
0.830000	0.074128	-0.510178	-0.505469	0.946227	0.932510
0.840000	0.069074	-0.500784	-0.496144	0.932495	0.918957
0.850000	0.064112	-0.491527	-0.486955	0.918942	0.905581
0.860000	0.059243	-0.482405	-0.477899	0.905567	0.892381
0.870000	0.054464	-0.473415	-0.468975	0.892367	0.879354
0.880000	0.049774	-0.464557	-0.460182	0.879340	0.866498
0.890000	0.045172	-0.455828	-0.451517	0.866484	0.853810
0.900000	0.040657	-0.447227	-0.442979	0.853796	0.841289
0.910000	0.036227	-0.438751	-0.434566	0.841276	0.828933
0.920000	0.031882	-0.430401	-0.426276	0.828920	0.816740
0.930000	0.027619	-0.422172	-0.418109	0.816726	0.804707
0.940000	0.023438	-0.414066	-0.410062	0.804693	0.792832
0.950000	0.019337	-0.406078	-0.402134	0.792819	0.781114
0.960000	0.015316	-0.398209	-0.394322	0.781101	0.769551
0.970000	0.011372	-0.390456	-0.386627	0.769539	0.758141
0.980000	0.007506	-0.382817	-0.379046	0.758128	0.746882
0.990000	0.003716	-0.375292	-0.371577	0.746869	0.735771
1.000000	-0.000000	-0.367879	-0.364219	0.735759	0.724808
1.010000	-0.003642	-0.360577	-0.356971	0.724796	0.713990
1.020000	-0.007212	-0.353383	-0.349831	0.713978	0.703316
1.030000	-0.010710	-0.346297	-0.342798	0.703304	0.692783
1.040000	-0.014138	-0.339316	-0.335870	0.692771	0.682390
1.050000	-0.017497	-0.332441	-0.329046	0.682379	0.672136
1.060000	-0.020787	-0.325668	-0.322325	0.672124	0.662018
1.070000	-0.024011	-0.318998	-0.315705	0.662006	0.652035
1.080000	-0.027168	-0.312428	-0.309184	0.652023	0.642184
1.090000	-0.030259	-0.305957	-0.302762	0.642174	0.632466
1.100000	-0.033287	-0.299584	-0.296438	0.632455	0.622877
1.110000	-0.036251	-0.293307	-0.290209	0.622866	0.613417
1.120000	-0.039154	-0.287126	-0.284075	0.613406	0.604083
1.130000	-0.041994	-0.281039	-0.278034	0.604072	0.594874
1.140000	-0.044775	-0.275044	-0.272085	0.594863	0.585788
1.150000	-0.047496	-0.269141	-0.266227	0.585778	0.576825
1.160000	-0.050158	-0.263328	-0.260459	0.576815	0.567981
1.170000	-0.052762	-0.257605	-0.254779	0.567972	0.559257
1.180000	-0.055310	-0.251969	-0.249187	0.559247	0.550650
1.190000	-0.057802	-0.246419	-0.243680	0.550640	0.542159
1.200000	-0.060239	-0.240955	-0.238259	0.542150	0.533783
1.210000	-0.062621	-0.235576	-0.232921	0.533773	0.525519
1.220000	-0.064951	-0.230280	-0.227666	0.525510	0.517367
1.230000	-0.067227	-0.225065	-0.222492	0.517358	0.509325
1.240000	-0.069452	-0.219932	-0.217399	0.509316	0.501392
1.250000	-0.071626	-0.214879	-0.212385	0.501383	0.493567
1.260000	-0.073750	-0.209904	-0.207449	0.493558	0.485847
1.270000	-0.075825	-0.205007	-0.202591	0.485839	0.478233
1.280000	-0.077850	-0.200187	-0.197808	0.478224	0.470722
1.290000	-0.079829	-0.195442	-0.193101	0.470713	0.463312
1.300000	-0.081760	-0.190772	-0.188468	0.463304	0.456004
1.310000	-0.083644	-0.186176	-0.183908	0.455996	0.448795
1.320000	-0.085483	-0.181652	-0.179420	0.448787	0.441685
1.330000	-0.087277	-0.177200	-0.175003	0.441677	0.434672
1.340000	-0.089028	-0.172818	-0.170656	0.434664	0.427754
1.350000	-0.090734	-0.168506	-0.166379	0.427746	0.420931
1.360000	-0.092398	-0.164263	-0.162170	0.420924	0.414202
1.370000	-0.094020	-0.160087	-0.158028	0.414194	0.407565
1.380000	-0.095600	-0.155979	-0.153952	0.407557	0.401019
1.390000	-0.097139	-0.151936	-0.149942	0.401011	0.394563
1.400000	-0.098639	-0.147958	-0.145996	0.394555	0.388195
1.410000	-0.100099	-0.144045	-0.142114	0.388188	0.381915
1.420000	-0.101520	-0.140194	-0.138295	0.381908	0.375722
1.430000	-0.102903	-0.136406	-0.134538	0.375715	0.369614
1.440000	-0.104248	-0.132680	-0.130842	0.369607	0.363591
1.450000	-0.105557	-0.129014	-0.127206	0.363584	0.357651
1.460000	-0.106829	-0.125408	-0.123629	0.357644	0.351793
1.470000	-0.108065	-0.121861	-0.120111	0.351786	0.346016
1.480000	-0.109266	-0.118372	-0.116651	0.346009	0.340319
1.490000	-0.110433	-0.114940	-0.113248	0.340313	0.334702
1.500000	-0.111565	-0.111565	-0.109901	0.334695	0.329162
1.510000	-0.112664	-0.108246	-0.106609	0.329156	0.323700
1.520000	-0.113730	-0.104982	-0.103372	0.323694	0.318314
1.530000	-0.114764	-0.101772	-0.100189	0.318307	0.313003
1.540000	-0.115766	-0.098615	-0.097059	0.312996	0.307766
1.550000	-0.116736	-0.095512	-0.093981	0.307760	0.302602
1.560000	-0.117676	-0.092460	-0.090955	0.302596	0.297511
1.570000	-0.118586	-0.089459	-0.087980	0.297505	0.292491
1.580000	-0.119466	-0.086510	-0.085055	0.292485	0.287541
1.590000	-0.120316	-0.083610	-0.082180	0.287535	0.282661
1.600000	-0.121138	-0.080759	-0.079353	0.282655	0.277849
1.610000	-0.121931	-0.077956	-0.076575	0.277844	0.273106
1.620000	-0.122697	-0.075202	-0.073844	0.273100	0.268429
1.630000	-0.123436	-0.072494	-0.071160	0.268424	0.263818
1.640000	-0.124147	-0.069833	-0.068521	0.263813	0.259273
1.650000	-0.124832	-0.067217	-0.065929	0.259267	0.254792
1.660000	-0.125492	-0.064647	-0.063381	0.254786	0.250374
1.670000	-0.126126	-0.062122	-0.060877	0.250369	0.246019
1.680000	-0.126734	-0.059640	-0.058417	0.246014	0.241726
1.690000	-0.127318	-0.057201	-0.056000	0.241721	0.237494
1.700000	-0.127878	-0.054805	-0.053625	0.237489	0.233322
1.710000	-0.128415	-0.052451	-0.051291	0.233317	0.229210
1.720000	-0.128928	-0.050139	-0.048999	0.229205	0.225156
1.730000	-0.129418	-0.047867	-0.046748	0.225151	0.221160
1.740000	-0.129885	-0.045635	-0.044536	0.221156	0.217222
1.750000	-0.130330	-0.043443	-0.042364	0.217217	0.213340
1.760000	-0.130754	-0.041291	-0.040230	0.213336	0.209514
1.770000	-0.131156	-0.039177	-0.038135	0.209510	0.205743
1.780000	-0.131538	-0.037100	-0.036078	0.205739	0.202026
1.790000	-0.131899	-0.035062	-0.034058	0.202022	0.198363
1.800000	-0.132239	-0.033060	-0.032074	0.198359	0.194753
1.810000	-0.132560	-0.031094	-0.030126	0.194748	0.191195
1.820000	-0.132861	-0.029165	-0.028215	0.191190	0.187688
1.830000	-0.133143	-0.027270	-0.026338	0.187684	0.184232
1.840000	-0.133407	-0.025411	-0.024495	0.184228	0.180827
1.850000	-0.133652	-0.023586	-0.022687	0.180823	0.177471
1.860000	-0.133878	-0.021794	-0.020912	0.177467	0.174164
1.870000	-0.134088	-0.020036	-0.019171	0.174160	0.170905
1.880000	-0.134279	-0.018311	-0.017462	0.170901	0.167694
1.890000	-0.134454	-0.016618	-0.015785	0.167690	0.164529
1.900000	-0.134612	-0.014957	-0.014139	0.164525	0.161411
1.910000	-0.134753	-0.013327	-0.012525	0.161408	0.158339
1.920000	-0.134878	-0.011729	-0.010942	0.158336	0.155312
1.930000	-0.134988	-0.010160	-0.009389	0.155309	0.152330
1.940000	-0.135082	-0.008622	-0.007866	0.152326	0.149391
1.950000	-0.135160	-0.007114	-0.006372	0.149388	0.146496
1.960000	-0.135224	-0.005634	-0.004907	0.146493	0.143644
1.970000	-0.135273	-0.004184	-0.003470	0.143641	0.140834
1.980000	-0.135308	-0.002761	-0.002062	0.140831	0.138066
1.990000	-0.135328	-0.001367	-0.000681	0.138062	0.135339
